 座号 中文 英文 数学 自然 社会
    1   64   96   53   89   64
    2   73   97   94   77   72
    3   53   75   88   93   52
    4   98   64   60   59   96
    5   76   71   70   77   55
    6   65   57   76   72   54
    7   85   57   87   94   69
    8   92   75   92   54   92
    9   56   94   50   57   71
   10   84   61   54   93   84
   11   59   78   97   58   84
   12   65   79   77   90   91
   13   53   87   67   78   80
   14   99   50   87   70   92
   15   64   92   78   92   98
   16   69   83   78   66   75
   17   76   71   76   56   69
   18   96   55   99   97   76
   19   77   63   60   93   50
   20   53   91   71   94   87
   21   89   54   95   65   84
   22   96   66   57   64   61
   23   59   87   67   62   88
   24   73   79   79   83   55
   25   68   57   62   84   95
