 座号 中文 英文 数学 自然 社会
    1   69   68   51   52   66
    2   81   63   99   90   60
    3   62   89   52   94   94
    4   54   74   92   86   63
    5   91   71   73   94   50
    6   74   76   90   76   63
    7   59   73   77   63   84
    8   79   59   68   67   77
    9   78   74   94   60   84
   10   95   59   76   74   98
   11   99   72   94   83   86
   12   79   96   99   74   97
   13   69   84   83   82   63
   14   62   89   82   74   78
   15   96   99   52   57   71
   16   93   64   57   62   59
   17   98   71   84   79   92
   18   72   82   72   99   79
   19   63   76   77   96   53
   20   54   68   73   60   99
   21   79   62   93   67   75
   22   69   89   74   92   63
   23   51   54   61   86   53
   24   96   95   51   67   99
   25   70   54   95   93   94
   26   99   51   63   77   76
   27   63   91   67   96   95
   28   72   58   78   55   83
   29   50   91   80   77   78
   30   59   99   97   94   62
   31   59   58   62   51   59
   32   75   59   91   72   70
   33   52   75   70   73   51
   34   58   74   80   56   67
   35   65   54   92   67   88
   36   60   57   94   69   64
   37   59   96   53   90   62
