 座号 中文 英文 数学 自然 社会
    1   78   90   92   65   78
    2   91   77   89   69   77
    3   84   77   84   76   68
    4   56   55   86   83   81
    5   56   53   65   68   97
    6   92   68   57   93   76
    7   71   75   86   73   82
    8   79   65   87   58   59
    9   73   89   63   91   72
   10   63   53   94   85   65
   11   62   73   70   70   94
   12   93   64   75   86   78
   13   60   65   69   95   94
   14   67   78   82   89   66
   15   83   53   97   62   74
   16   95   55   77   91   56
   17   81   98   94   81   92
   18   54   62   60   83   76
   19   66   83   75   85   93
   20   67   50   65   86   56
